  1  100         4.5       8.0
  1  200         2.5       9.5
  1    2         3.5      10.5
  2    1         1.5      10.0
  2  100         3.0       6.5
  2  200         2.5      12.5
200    1         4.5      10.0
200  100         3.5       9.5
200   11        -2.5       5.5
200   12         1.0       5.0
200   13         3.5       5.0
200   14          .5       5.0
200   15          .5       5.5
200    2         1.0      12.5
200    1         3.5      10.5
200  100          .0       9.0
200   21         3.0       7.0
200   32         2.0       6.5
200   33         3.0       3.5
200   34         3.5       6.5
200   25        -2.5       5.5
200    2         1.5      12.5
100    1         4.5       9.5
100   11          .5       6.5
100   12         1.5       6.0
100   13         2.5       7.5
100   14        -2.0       7.0
100   15         1.0       6.5
100  200         3.5       9.5
100    2         3.0       8.5
100    1         -.5       9.5
100   21         -.5       9.0
100   32         2.5       9.0
100   33        -2.5      10.5
100   34        -3.0       8.5
100   25        -1.0       7.0
100  200         2.0      10.0
