          26
   5.536200705503062E+008
  -1.954474930697905E+007
   1.753001240323930E+008
   1.753752890134843E+007
  5693484.575636485000000
   1.304051448421280E+008
  5494514.220539626000000
   397334.781193852500000
   1.379146299772258E+007
  8053233.383259376000000
   1.833128899300684E+007
  5557002.147770305000000
  -1.836319161146908E+007
 -2201424.066379468000000
   1.274310810545902E+008
  2965423.470930979000000
  -763554.347344062400000
  1600101.821052174000000
  -748077.970942068600000
 -9334230.757175930000000
   1.036879980782068E+007
   1.836354111730334E+007
  4958996.440213183000000
  -1.672453379220094E+007
 -2348590.190471601000000
  -1.665950565462034E+007
   771925.889943640200000
   1.081274058992598E+008
   282352.933817489500000
 -1746572.280177090000000
  4754295.574568445000000
  -465865.695468135000000
  4413547.810682985000000
 -1630770.543056580000000
  -2.484991429655400E+007
   1.894717744894543E+007
   1.780321533073307E+007
  4181302.259728920000000
  -1.449212210813377E+007
 -2424605.406589320000000
  -1.454651379963547E+007
   183907.654366635000000
  -1.364459531866265E+007
  2571934.084731540000000
   8.616537628889112E+007
 -2125694.205165197000000
 -2324701.565244875000000
  6749045.773389442000000
  -140879.272097387500000
  6413298.313513436000000
 -1666973.258019074000000
  5435883.201804312000000
 -2881657.025451285000000
  -2.948799061571799E+007
   2.559359614128919E+007
   1.682365286699326E+007
  3442480.565444785000000
  -1.229601814959465E+007
 -2411146.472826023000000
  -1.244280081204399E+007
  -284681.210633747300000
  -1.183290246367334E+007
  1712882.689874490000000
  -1.082072298723444E+007
  3189550.661826755000000
   6.823402255711161E+007
 -4228988.772361169000000
 -2578313.460437038000000
  7800311.812633062000000
   202237.743182943700000
  7516055.980531812000000
 -1472088.045434144000000
  6546610.941493694000000
 -2846494.372737075000000
  5334116.527638000000000
 -3588305.616408288000000
  -2.912351226427669E+007
   2.796287441296944E+007
   1.137215863172279E+007
   663179.598718515000000
   0.000000000000000E+000
   0.000000000000000E+000
   0.000000000000000E+000
   0.000000000000000E+000
   0.000000000000000E+000
   0.000000000000000E+000
   0.000000000000000E+000
   0.000000000000000E+000
   0.000000000000000E+000
   0.000000000000000E+000
   1.302981981989608E+008
  6213356.231859329000000
   362338.516897334400000
   0.000000000000000E+000
   0.000000000000000E+000
   0.000000000000000E+000
   0.000000000000000E+000
   0.000000000000000E+000
   0.000000000000000E+000
   0.000000000000000E+000
   0.000000000000000E+000
   0.000000000000000E+000
   0.000000000000000E+000
   1.402363140833829E+007
  8086628.293761098000000
   1.464432056642428E+007
   853999.223125090000000
   0.000000000000000E+000
   0.000000000000000E+000
   0.000000000000000E+000
   0.000000000000000E+000
   0.000000000000000E+000
   0.000000000000000E+000
   0.000000000000000E+000
   0.000000000000000E+000
   0.000000000000000E+000
   0.000000000000000E+000
  -1.419026405443971E+007
 -2816787.234567214000000
   1.007769762727698E+008
  -474618.042035326200000
   -27677.858958415870000
   0.000000000000000E+000
   0.000000000000000E+000
   0.000000000000000E+000
   0.000000000000000E+000
   0.000000000000000E+000
   0.000000000000000E+000
   0.000000000000000E+000
   0.000000000000000E+000
   0.000000000000000E+000
   0.000000000000000E+000
  9010602.240649691000000
   256423.161138329800000
  -6.122756578043404E+007
   5.755924184608206E+007
   1.248643089232628E+007
   728159.577857115200000
   0.000000000000000E+000
   0.000000000000000E+000
   0.000000000000000E+000
   0.000000000000000E+000
   0.000000000000000E+000
   0.000000000000000E+000
   0.000000000000000E+000
   0.000000000000000E+000
   0.000000000000000E+000
   0.000000000000000E+000
  -2.148087437674162E+007
 -2582902.422565457000000
  -1.435971907073350E+007
  8739230.282344271000000
   1.280255067030754E+008
  5328751.869182548000000
   310751.866968958900000
   0.000000000000000E+000
   0.000000000000000E+000
   0.000000000000000E+000
   0.000000000000000E+000
   0.000000000000000E+000
   0.000000000000000E+000
   0.000000000000000E+000
   0.000000000000000E+000
   0.000000000000000E+000
   0.000000000000000E+000
  1403982.567423612000000
  -898135.582951925500000
  -611957.640283386900000
 -1485358.374992016000000
 -6915316.486303884000000
  9641667.921387732000000
   1.375258324510348E+007
   801996.607081185700000
   0.000000000000000E+000
   0.000000000000000E+000
   0.000000000000000E+000
   0.000000000000000E+000
   0.000000000000000E+000
   0.000000000000000E+000
   0.000000000000000E+000
   0.000000000000000E+000
   0.000000000000000E+000
   0.000000000000000E+000
  -1.953167991434297E+007
 -2765105.761170000000000
  -1.366207938090490E+007
  7589300.217532759000000
  -1.948988767346634E+007
   517669.964472577900000
   1.082382823018643E+008
  3736606.693305211000000
   217904.217456353300000
   0.000000000000000E+000
   0.000000000000000E+000
   0.000000000000000E+000
   0.000000000000000E+000
   0.000000000000000E+000
   0.000000000000000E+000
   0.000000000000000E+000
   0.000000000000000E+000
   0.000000000000000E+000
   0.000000000000000E+000
  5428082.375669952000000
  -543972.168576370600000
  1889622.899602869000000
 -3233642.872988861000000
  5091851.628691757000000
 -1749024.335907960000000
  -2.436340133889460E+007
   1.858050934897017E+007
   1.436384799509665E+007
   837643.165024937800000
   0.000000000000000E+000
   0.000000000000000E+000
   0.000000000000000E+000
   0.000000000000000E+000
   0.000000000000000E+000
   0.000000000000000E+000
   0.000000000000000E+000
   0.000000000000000E+000
   0.000000000000000E+000
   0.000000000000000E+000
  -1.766338122233057E+007
 -2835160.990394028000000
  -1.284140772122814E+007
  6576704.230631284000000
  -1.770833451395265E+007
    58981.627248542850000
  -1.653033145587103E+007
  3242827.622809679000000
   9.196040811695886E+007
  2377039.811732447000000
   138619.620032845700000
   0.000000000000000E+000
   0.000000000000000E+000
   0.000000000000000E+000
   0.000000000000000E+000
   0.000000000000000E+000
   0.000000000000000E+000
   0.000000000000000E+000
   0.000000000000000E+000
   0.000000000000000E+000
   0.000000000000000E+000
  7261019.398405260000000
  -272508.063290304000000
  3189132.976461269000000
 -3935595.625368751000000
  6923828.504283262000000
 -1782959.164262614000000
  5776108.280301771000000
 -3241758.306101001000000
  -2.861102705686657E+007
   2.388684597411195E+007
  -2.036583584108375E+007
   1.400825253470691E+007
  -9.319960566416952E+007
 -3528431.171220426000000
  -8.553906102593617E+007
   1.507419743780084E+007
  -6.204047126110154E+007
   2.447103201870471E+007
  -3.826190452445420E+007
   2.227590781461562E+007
  -2.179585102973278E+007
   1.541883049485264E+007
  -7.644324056223065E+007
 -1461673.370965566000000
  -4.274896560812494E+007
   4.041397325445601E+007
  -7.005686105980133E+007
   1.260720766599903E+007
  -4.677520191228308E+007
   2.042808696452906E+007
  -2.999056256302610E+007
   1.818544427907516E+007
   1.023288652032465E+009
   2.242766960379471E+007
  7129077.078999423000000
  -4.671827883014377E+007
 -4162911.177338176000000
  -2.021294565611628E+007
    21478.693517721610000
  -840083.733494336500000
 -4736460.372422125000000
  5437504.159443799000000
 -9801333.314334346000000
  4512820.891697839000000
  -1.096208281107174E+007
  -4.157536524912670E+007
 -1559530.535727392000000
   4.422807465120909E+007
  -4.181229184432770E+007
  -1.663554411863700E+007
  2269659.240496120000000
  5933668.242743670000000
 -3390601.732891809000000
   1.200059698410636E+007
 -8221656.154606713000000
   7.229499226217790E+007
   2.079968857976409E+008
  -3.171027546291131E+007
  -8.360837004688336E+007
   1.576660720060008E+007
  2241936.652305278000000
   1.571322616464561E+007
  -693016.208490039900000
   1.455823971361614E+007
 -3323026.709262420000000
   1.289520455555583E+007
 -5091679.630605018000000
   1.119573743411638E+007
 -6147415.301370212000000
   1.819326712150930E+007
  2633722.000546911000000
   1.281030743338607E+007
 -7019465.283039927000000
   1.816870812095631E+007
  -411142.810016443500000
   1.682318168526618E+007
 -3720384.487360042000000
   1.545739634790414E+007
 -5307857.605652414000000
  -2.490394939184861E+008
   6.283822967546991E+007
   2.480825646599661E+008
   1.010238299250774E+008
  -1.357712081093580E+008
 -5330887.212594372000000
 -2968539.435473126000000
 -5941302.331868443000000
 -2518015.769117679000000
 -6520932.235073181000000
 -1807300.265895975000000
 -6908552.662382820000000
  -884627.154557232500000
 -7004876.061275832000000
   156662.254708318700000
 -6107424.823091549000000
 -3434778.032581790000000
 -8006997.637824046000000
   171020.728800313500000
 -6730057.875324541000000
 -2981534.862423861000000
 -7455211.843002007000000
 -2136683.069476227000000
 -7814892.529145124000000
 -1398654.590265292000000
  -9.106487206260559E+007
  -2.391624179685884E+007
  -1.843222850585033E+007
   3.015028118220411E+008
