'GEOD'
'D73' 		6378388.0 0.00672267002233
'ETRS89' 	6378137.0 0.00669438002290
10
 18 CITÂNIA         
  41  19   22.888  -8  23   12.820   575.16
  41  19   25.906  -8  23    9.588   632.18
 22 FONTE LONGA-TF16
  41  14    2.333  -7  15   38.826   882.92
  41  14    5.340  -7  15   35.398   941.33
 43 S. PEDRO DE AÇOR
  40  12   53.142  -7  49    8.219  1342.67
  40  12   56.087  -7  49    4.894  1399.41
 48 MONSANTO-TF8    
  40   2    5.842  -7   6   55.310   761.70
  40   2    8.768  -7   6   51.858   818.31
 50 MONTE REDONDO-PS
  39  53   28.534  -8  50   37.638    90.05
  39  53   31.465  -8  50   34.503   144.66
 67 MONTEJUNTO-TF7  
  39  10   21.268  -9   2   57.848   667.29
  39  10   24.155  -9   2   54.757   720.90
 79 ARRAIOLOS       
  38  43   29.697  -7  59   20.531   413.45
  38  43   32.530  -7  59   17.267   467.50
 97 GUADALUPE       
  37  55   44.160  -7  35   39.860   290.73
  37  55   46.912  -7  35   36.548   343.95
103 ÁGUA NEGRA      
  37  47   38.327  -7  27    5.209   262.90
  37  47   41.062  -7  27    1.875   316.01
111 QUINTÃ-PW       
  37  28   55.945  -7  51    7.939   336.31
  37  28   58.660  -7  51    4.698   388.87