     Nome                     Latitude (º ´ ´´)  Longitude (º ´ ´´) h topo (m)
 1  GALIÑEIRO                   42    8   7.7876   -8   42   2.5236    761.84
 2  S. NOMÉDIO                  42    8   4.4881   -8   24  45.5149    747.20
 3  S. PAIO                     41   55  17.2020   -8   42  51.7583    698.03
 4  STA TECLA 2º                41   53  16.4539   -8   52  15.8409    395.35
 5  PENEDA-PSW                  41   58   8.2129   -8   18  26.1655   1427.15
 6  LAROUCO-TF25                41   52  48.8626   -7   43  11.8675   1581.04
 7  COROA                       41   54  52.8108   -7    0  11.7094   1335.26
 8  MAIROS                      41   50  54.4172   -7   19  58.3221   1145.10
 9  DEILÃO-PS                   41   50  57.3827   -6   35  26.6838   1012.97
 10 STA LUZIA                   41   45  46.2038   -8   48  26.8270    609.57
 11 OURAL-PS                    41   43  42.8839   -8   27  32.5004    774.76
 12 CABREIRA                    41   38  19.7911   -8    2  34.5953   1323.92
 13 PADRELA                     41   33  43.4446   -7   31    .3083   1209.57
 14 NOGUEIRA-TF23               41   43   1.6456   -6   51  18.5794   1374.01
 15 LUZ                         41   39  46.1407   -6   18  24.0300    971.54
 16 CAMPO DE VÍBORAS            41   31  51.5686   -6   33  47.0147    806.72
 17 S. FÉLIX-PW                 41   26   5.4230   -8   42  53.8533    254.31
 18 CITÂNIA                     41   19  25.4310   -8   23   8.3847    629.20
 19 LUZIM-PSW                   41   10   2.5051   -8   15  47.0706    609.52
 20 MARÃO-TF15                  41   14  53.9872   -7   53  11.7009   1470.42
 21 BORNES                      41   26   2.0316   -7    0  23.9066   1260.40
 22 FONTE LONGA-TF16            41   14   4.7997   -7   15  34.2017    937.85
 23 LAGOAÇA                     41   12  37.8735   -6   45  29.5315    945.92
 24 S. ROQUE                    41   21  27.1975   -6   19  16.2109    846.24
 25 STO OVÍDIO                  41    6  28.0391   -8   35  12.7831    298.09
 26 S. PEDRO VELHO              40   52  30.1077   -8   16  49.5268   1134.88
 27 MONTEMURO-TF13              40   58  26.0686   -7   59  14.9979   1434.88
 28 LEOMIL-TF14                 40   57  19.7711   -7   39  21.0424   1064.70
 29 PISCO-TF20                  40   46  12.3162   -7   25  25.7666   1042.26
 30 MAROFA                      40   51  50.2748   -6   59  29.0681   1035.39
 31 AVEIRO-EXC                  40   38  33.7169   -8   44  51.0997    109.57
 32 PRAIA DE MIRA               40   27  34.4106   -8   48   5.6240     70.72
 33 CARAMULO                    40   32  49.6851   -8   12   6.2402   1128.62
 34 SRA DO CASTELO-E            40   36  44.2166   -7   44  35.7409    681.12
 35 CABEÇA ALTA-TF9             40   32   1.0506   -7   25  29.6570   1340.76
 36 JARMELO-TF21                40   35  27.8702   -7    7  56.9069    996.55
 37 VILAR FORMOSO               40   36  15.3911   -6   51  20.0284    879.17
 38 GUINALDO                    40   27  16.8558   -6   52  40.6233    939.68
 39 BUÇACO                      40   21  42.1950   -8   21  15.7558    612.95
 40 BUARCOS-TF11                40   11  43.5999   -8   51  13.3260    265.18
 41 LOUSÃ-TF17                  40    5  22.2159   -8   10  43.7933   1258.18
 42 S. MIGUEL DE MID            40   23   8.5128   -7   56  19.5806    447.38
 43 S. PEDRO DE AÇOR            40   12  55.5628   -7   49   3.8006   1395.53
 44 ESTRELA                     40   19  18.2943   -7   36  45.4123   2053.12
 45 GARDUNHA-PS                 40    4  49.5295   -7   31  28.9297   1279.48
 46 S. CORNÉLIO                 40   21   4.4795   -7   10  49.8657   1067.56
 47 MEZAS                       40   16  19.3143   -6   51  35.7388   1314.80
 48 MONSANTO-TF8                40    2   8.2061   -7    6  50.7883    814.97
 49 PATAIAS                     39   41  13.3282   -9    0   8.1036    200.43
 50 MONTE REDONDO-PS            39   53  30.9917   -8   50  33.4304    141.50
 51 SICÓ-PSW                    39   55  12.9047   -8   32  22.6860    605.31
 52 CABEÇO RAINHA-TF            39   50  54.3930   -7   55  31.1358   1136.98
 53 MELRIÇA -TF4                39   41  38.3927   -8    7  47.4806    646.99
 54 S. MARTINHO-PE              39   48  10.1377   -7   27  47.9834    488.09
 55 CABEÇO ALTO                 39   44   3.5885   -7    2  22.8796    462.94
 56 PENICHE-PNE                 39   21  37.7017   -9   24  27.0239    104.46
 57 BOURO                       39   27  13.4288   -9   12   3.1110    218.03
 58 CANDEEIROS                  39   26  14.2248   -8   55   5.8846    547.77
 59 AIRE-TF6                    39   32   8.3797   -8   38  10.7102    730.06
 60 MEDROA                      39   31  14.8372   -8   17  33.7040    334.78
 61 CABEÇA GORDA                39   20   4.4692   -8   45    .5304    222.82
 62 FIGUEIRAS                   39   20   9.6915   -8   25   1.3507    256.35
 63 S. MIGUEL DE NIS            39   34  30.5654   -7   37  47.1603    514.90
 64 VALE DE ÁGUA                39   22    .8786   -8    0  40.0358    345.47
 65 SANTIAGO                    39   36  13.8733   -7   12  57.7014    675.26
 66 S. MAMEDE-TF3               39   18  48.0668   -7   21  37.0338   1078.97
 67 MONTEJUNTO-TF7              39   10  23.6821   -9    2  53.7469    717.49
 68 ROMÃ-PSW                    39    0  43.9496   -9   18  58.6855    267.47
 69 ALMEIRIM                    39    8  31.5828   -8   35  10.9179    228.31
 70 MONTARGIL-TF2               39    4  37.7921   -8   11  13.3906    287.65
 71 ALTER PEDROSO               39   11  20.3446   -7   37  20.8349    472.37
 72 ATALAIA DA CONTE            39    1  51.4383   -7    6  24.7798    395.66
 73 MONGE                       38   46  27.1096   -9   26  28.3608    551.03
 74 SERVES-TF1                  38   53  38.7774   -9    5  26.6689    402.18
 75 LISBOA                      38   42  48.8373   -9    7  58.3872    162.61
 76 S. TORCATO                  38   50  25.5729   -8   31   7.5786    196.02
 77 BOMBEL                      38   41  18.9907   -8   32  23.4368    195.27
 78 CAIXEIRO                    38   54  58.2928   -7   39  13.7064    514.57
 79 ARRAIOLOS                   38   43  32.0145   -7   59  16.2910    463.96
 80 OSSA-TF29                   38   44  21.7202   -7   35   1.5630    704.99
 81 REGO-PSE                    38   50  23.0481   -7   15  30.5147    527.33
 82 PALMELA                     38   33  57.6995   -8   53  59.9953    324.50
 83 SESIMBRA                    38   27   9.6020   -9    6  23.4314    304.79
 84 SERRINHA-PE                 38   29  30.3428   -8   31  22.1908    237.33
 85 MONFURADO-TF28              38   34   8.4238   -8   11  22.8316    476.78
 86 CARRASCAIS                  38   14  44.4664   -8   14   4.2791    165.83
 87 ESPINHEIRA                  38   26  53.2786   -7   48   2.1921    332.71
 88 MENDRO-TF31                 38   14  45.7175   -7   47   1.1467    464.24
 89 S. VICENTE-PSE              38   19  19.1844   -8    0  17.5929    433.34
 90 MONSARAZ                    38   26  32.0029   -7   22  52.7746    396.38
 91 MENTIRAS-PE                 38   13  41.9713   -7    9  12.9041    336.84
 92 ATALAIA DE GRÂND            38   10   8.8398   -8   38  43.0822    377.18
 93 BARROS-PE                   38    3   4.4038   -8   26   7.2146    168.73
 94 ALJUSTREL-TF33              37   52  53.1834   -8   10   2.1992    298.73
 95 ATALAIA GORDA               38    5  38.4741   -7   26  45.0583    338.32
 96 BEJA                        38    1   1.8425   -7   51  55.0574    366.48
 97 GUADALUPE                   37   55  46.3948   -7   35  35.6299    340.49
 98 FICALHO-PSW                 37   57  51.1967   -7   17   2.7557    575.39
 99 CERCAL-TF32                 37   47  39.3343   -8   43   6.5406    391.64
100 BARRADINHA-PW               37   51  57.1315   -8   25  28.6041    142.21
101 S. TEOTÓNIO-PE              37   30  25.7521   -8   42  59.2837    271.30
102 VIGIA-TF34                  37   36  53.6556   -8   23  10.1061    445.54
103 ÁGUA NEGRA                  37   47  40.5433   -7   27    .9677    312.61
104 ALCARIA RUIVA-TF            37   42    .8700   -7   45  40.9539    423.60
105 URZA-PS                     37   37   5.7374   -8    4  20.7419    340.17
106 GRANADO                     37   32  18.9126   -7   27   2.2951    372.83
107 ARRIFANA-PE                 37   17    .2571   -8   51  35.6552    164.30
108 FOIA-TF36                   37   18  55.5418   -8   35  46.0852    952.59
109 POLDRA                      37   13   8.8807   -8   46  47.9436    303.87
110 MÚ-TF37                     37   22  14.1607   -8    4  48.3843    628.38
111 QUINTÃ-PW                   37   28  58.1624   -7   51   3.7944    385.20
112 MONTE GORDO                 37   19  53.7401   -7   24  28.6864    211.57
113 ALCARIA DO CUME-            37   14  35.9683   -7   44  19.6970    576.46
114 CABEÇA                      37   11  11.1274   -7   29  13.5961    108.51
115 TORRE DE ASPA-PE            37    5   7.3819   -8   57   5.4215    206.30
116 ATALAIA-PN                  37    5  16.8826   -8   43   5.8290    158.81
117 SOBRAL                      37    8  17.6124   -8   23  39.5481    160.89
118 GUILHIM-TF40                37    6   3.7516   -7   55  58.0674    363.74
119 STA MARIA-EXC               36   58  28.0606   -7   51  53.7576     54.80
