n         lat       long      dlat      dlong     dh
         1  42.13562 -7.298940   -0.1304      0.10     -1.11
         2  42.13471 -7.586999   -0.1174      0.11     -0.59
         3  41.92157 -7.285272   -0.1246      0.08       0.2
         4  41.88802 -7.128583   -0.1305      0.08      0.15
         5  41.96908 -7.692380   -0.1161      0.10      0.36
         6  41.88038 -6.279684   -0.0963      0.12      0.03
         7  41.91483 -6.996396   -0.0640      0.14     -0.22
         8  41.84860 -6.666781   -0.0771      0.14     -0.37
         9  41.84944 -5.408906   -0.0519      0.15     -0.24
        10  41.76295 -7.192203   -0.1308      0.07      0.08
        11  41.72871 -7.540626   -0.1118      0.09     -0.27
        12  41.63897 -7.956714   -0.0938      0.09     -0.02
        13  41.56221 -6.482906   -0.0751      0.11     -0.02
        14  41.71728 -5.144494   -0.0543      0.13      -0.3
        15  41.66298 -5.692983   -0.0421      0.15      -0.3
        16  41.53116 -5.436601   -0.0398      0.13     -0.43
        17  41.43497 -7.284705   -0.1048      0.06      0.03
        18  41.32386 -7.614003   -0.0904      0.07     -0.57
        19  41.16750 -7.736595   -0.0831      0.07     -0.67
        20  41.24847 -6.113086   -0.0755      0.08     -0.34
        21  41.43405 -6.993023   -0.0531      0.12     -0.34
        22  41.23482 -6.740167   -0.0605      0.10     -0.19
        23  41.21068 -5.241465   -0.0392      0.12     -0.47
        24  41.35772 -5.678497   -0.0308      0.13      -1.7
        25  41.10792 -7.412789   -0.0879      0.05      -0.4
        26  40.87517 -7.719254   -0.0716      0.06     -0.16
        27  40.97405 -6.012178   -0.0675      0.06      0.14
        28  40.95564 -6.343833   -0.0585      0.07      0.09
        29  40.77024 -6.575859   -0.0493      0.07      0.16
        30  40.86412 -5.008271   -0.0382      0.09     -0.19
        31  40.64283 -7.252157   -0.0760      0.03     -0.46
        32  40.45969 -7.198128   -0.0649      0.02     -0.27
        33  40.54727 -7.797954   -0.0614      0.04     -0.06
        34  40.61243 -6.256429   -0.0436      0.04     -0.43
        35  40.53378 -6.574784   -0.0374      0.06      0.17
        36  40.59123 -6.867213   -0.0329      0.08      0.02
        37  40.60444 -5.144124   -0.0252      0.08      -0.2
        38  40.45484 -5.121741   -0.0229      0.07     -0.17
        39  40.36186 -7.645316   -0.0561      0.03      0.11
        40  40.19557 -7.145995   -0.0596      0.01     -0.44
        41  40.08964 -7.820867   -0.0429      0.03      0.02
        42  40.38584 -6.060920   -0.0483      0.04     -0.22
        43  40.21558 -6.181974   -0.0356      0.04      0.31
        44  40.32190 -6.387079   -0.0362      0.05      0.85
        45  40.08057 -6.474998   -0.0320      0.04      0.22
        46  40.35140 -6.819176   -0.0313      0.06     -0.02
        47  40.27219 -5.139770   -0.0210      0.06     -0.33
        48  40.03577 -6.885595   -0.0171      0.05     -0.29
        49  39.68717 -8.997457   -0.0326     -0.01     -0.22
        50  39.89207 -7.157083   -0.0450      0.01     -0.28
        51  39.92039 -7.460065   -0.0398      0.02     -0.47
        52  39.84859 -6.074389   -0.0291      0.03      0.13
        53  39.69414 -7.869854   -0.0265      0.01     -0.07
        54  39.80297 -6.536379   -0.0241      0.03     -0.08
        55  39.73449 -6.960023   -0.0094      0.04     -0.34
        56  39.36060 -8.592210   -0.0282     -0.03     -0.13
        57  39.45386 -8.798852   -0.0313     -0.03     -0.36
        58  39.43742 -7.081413   -0.0305     -0.01     -0.09
        59  39.53580 -7.363401   -0.0290      0.01      0.14
        60  39.52093 -7.707016   -0.0258      0.01     -0.13
        61  39.33471 -7.249567   -0.0252      0.00     -0.26
        62  39.33616 -7.582673   -0.0218      0.00     -0.24
        63  39.57531 -6.369947   -0.0152      0.02      0.04
        64  39.36705 -7.988595   -0.0191      0.01     -0.14
        65  39.60401 -6.783688   -0.0155      0.02      1.24
        66  39.31350 -6.639434   -0.0088      0.02      0.34
        67  39.17338 -8.951456   -0.0225     -0.02         0
        68  39.01234 -8.683419   -0.0184     -0.02     -0.09
        69  39.14224 -7.413353   -0.0191      0.00     -0.19
        70  39.07731 -7.812669   -0.0153      0.00     -0.01
        71  39.18913 -6.377268   -0.0131      0.01     -0.11
        72  39.03111 -6.892845   -0.0064      0.01     -0.66
        73  38.77432 -8.558512   -0.0149     -0.02       0.1
        74  38.89424 -8.908981   -0.0142     -0.02     -0.05
        75  38.71370 -8.866840   -0.0127     -0.02     -0.29
        76  38.84057 -7.480954   -0.0117     -0.01     -0.27
        77  38.68875 -7.459883   -0.0064     -0.01     -0.18
        78  38.91634 -6.345920   -0.0073      0.01     -0.46
        79  38.72570 -6.011870   -0.0056      0.00      0.03
        80  38.73951 -6.415963   -0.0061      0.01     -0.04
        81  38.83989 -6.741254   -0.0040      0.01     -0.24
        82  38.56616 -7.099730   -0.0054     -0.01     -0.17
        83  38.45280 -8.893220   -0.0045     -0.02      -0.2
        84  38.49190 -7.476899   -0.0068      0.00     -0.15
        85  38.56915 -7.810054   -0.0067      0.00      0.22
        86  38.24582 -7.765213   -0.0007      0.00      0.02
        87  38.44828 -6.199125   -0.0038      0.00     -0.29
        88  38.24618 -6.216086   -0.0008      0.00     -0.03
        89  38.32214 -7.994848   -0.0020      0.00      0.09
        90  38.44237 -6.618410   -0.0030      0.01     -0.41
        91  38.22847 -6.846157   -0.0002      0.01     -0.34
        92  38.16926 -7.354434    0.0005     -0.01      0.13
        93  38.05136 -7.564399    0.0020      0.00     -0.01
        94  37.88158 -7.832462    0.0012      0.00     -0.07
        95  38.09417 -6.553893   -0.0002      0.00     -0.15
        96  38.01732 -6.134447    0.0000      0.00     -0.03
        97  37.92970 -6.406514    0.0006      0.00     -0.08
        98  37.96437 -6.715647    0.0007      0.00      0.65
        99  37.79439 -7.281254    0.0038      0.00      0.02
       100  37.86601 -7.575127    0.0001      0.00         0
       101  37.50729 -7.283272    0.0043      0.01      0.17
       102  37.61504 -7.613602    0.0032      0.00      0.06
       103  37.79474 -6.549479    0.0003      0.00     -0.16
       104  37.70038 -6.238371   -0.0019      0.00     -0.01
       105  37.61840 -7.927318   -0.0012      0.00     -0.09
       106  37.53873 -6.549114   -0.0034      0.00     -0.88
       107  37.28354 -7.139837    0.0091      0.01      0.35
       108  37.31556 -7.403609    0.0058      0.01      0.75
       109  37.21926 -7.219758    0.0082      0.01      0.23
       110  37.37074 -7.919643    0.0023      0.00      0.45
       111  37.48296 -6.148695   -0.0006      0.00      0.16
       112  37.33173 -6.591786   -0.0077      0.00     -0.96
       113  37.24346 -6.260948   -0.0009      0.00     -0.17
       114  37.18656 -6.512644   -0.0041      0.01     -0.92
       115  37.08551 -7.048236    0.0068      0.02      0.28
       116  37.08815 -7.281460    0.0051      0.01      0.09
       117  37.13836 -7.605430    0.0033      0.00     -0.19
       118  37.10118 -6.066956    0.0005      0.00     -0.32
       119  36.97460 -6.134823    0.0050      0.00     -0.42
