'GEOD'
'D73' 		6378388.0 0.00672267002233
'ETRS89' 	6378137.0 0.00669438002290
10
 41 LOUSÃ-TF17      
  40   5   19.783  -8  10   48.136  1205.84
  40   5   22.718  -8  10   44.880  1261.73
 51 SICÓ-PSW        
  39  55   10.463  -8  32   26.949   553.55
  39  55   13.394  -8  32   23.766   608.32
 52 CABEÇO RAINHA-TF
  39  50   51.994  -7  55   35.498  1084.77
  39  50   54.912  -7  55   32.200  1140.66
 53 MELRIÇA -TF4    
  39  41   35.993  -8   7   51.792   595.19
  39  41   38.904  -8   7   48.527   650.43
 60 MEDROA          
  39  31   12.441  -8  17   37.970   283.39
  39  31   15.340  -8  17   34.743   338.14
 61 CABEÇA GORDA    
  39  20    2.060  -8  45    4.699   172.12
  39  20    4.953  -8  45    1.559   226.00
 63 S. MIGUEL DE NIS
  39  34   28.205  -7  37   51.546   462.81
  39  34   31.102  -7  37   48.192   518.50
 64 VALE DE ÁGUA    
  39  21   58.511  -8   0   44.335   294.05
  39  22    1.394  -8   0   41.058   348.85
 70 MONTARGIL-TF2   
  39   4   35.436  -8  11   17.631   236.81
  39   4   38.299  -8  11   14.393   291.13
 71 ALTER PEDROSO   
  39  11   18.014  -7  37   25.183   420.84
  39  11   20.875  -7  37   21.836   475.82