'GEOD'
'D73' 		6378388.0 0.00672267002233
'ETRS89' 	6378137.0 0.00669438002290
20
 33 CARAMULO        
  40  32   47.215  -8  12   10.626  1075.61
  40  32   50.178  -8  12    7.364  1132.10
 40 BUARCOS-TF11    
  40  11   41.118  -8  51   17.562   213.28
  40  11   44.065  -8  51   14.417   268.19
 41 LOUSÃ-TF17      
  40   5   19.783  -8  10   48.136  1205.84
  40   5   22.718  -8  10   44.880  1261.73
 45 GARDUNHA-PS     
  40   4   47.137  -7  31   33.385  1226.54
  40   4   50.064  -7  31   30.008  1283.29
 51 SICÓ-PSW        
  39  55   10.463  -8  32   26.949   553.55
  39  55   13.394  -8  32   23.766   608.32
 52 CABEÇO RAINHA-TF
  39  50   51.994  -7  55   35.498  1084.77
  39  50   54.912  -7  55   32.200  1140.66
 53 MELRIÇA -TF4    
  39  41   35.993  -8   7   51.792   595.19
  39  41   38.904  -8   7   48.527   650.43
 55 CABEÇO ALTO     
  39  44    1.252  -7   2   27.383   410.05
  39  44    4.154  -7   2   23.919   466.24
 56 PENICHE-PNE     
  39  21   35.252  -9  24   31.081    54.29
  39  21   38.161  -9  24   28.045   107.70
 60 MEDROA          
  39  31   12.441  -8  17   37.970   283.39
  39  31   15.340  -8  17   34.743   338.14
 61 CABEÇA GORDA    
  39  20    2.060  -8  45    4.699   172.12
  39  20    4.953  -8  45    1.559   226.00
 62 FIGUEIRAS       
  39  20    7.302  -8  25    5.577   205.35
  39  20   10.190  -8  25    2.376   259.59
 64 VALE DE ÁGUA    
  39  21   58.511  -8   0   44.335   294.05
  39  22    1.394  -8   0   41.058   348.85
 66 S. MAMEDE-TF3   
  39  18   45.743  -7  21   41.439  1027.00
  39  18   48.613  -7  21   38.039  1082.90
 70 MONTARGIL-TF2   
  39   4   35.436  -8  11   17.631   236.81
  39   4   38.299  -8  11   14.393   291.13
 71 ALTER PEDROSO   
  39  11   18.014  -7  37   25.183   420.84
  39  11   20.875  -7  37   21.836   475.82
 72 ATALAIA DA CONTE
  39   1   49.151  -7   6   29.200   343.86
  39   1   51.989  -7   6   25.758   398.62
 74 SERVES-TF1      
  38  53   36.382  -9   5   30.736   352.43
  38  53   39.251  -9   5   27.667   405.53
 82 PALMELA         
  38  33   55.340  -8  54    4.064   275.05
  38  33   58.181  -8  54     .973   327.74
 86 CARRASCAIS      
  38  14   42.170  -8  14    8.431   116.24
  38  14   44.968  -8  14    5.233   169.33