'GEOD'
'D73' 		6378388.0 0.00672267002233
'ETRS89' 	6378137.0 0.00669438002290
10
 20 MARÃO-TF15      
  41  14   51.481  -7  53   16.216  1416.05
  41  14   54.492  -7  53   12.891  1473.68
 22 FONTE LONGA-TF16
  41  14    2.333  -7  15   38.826   882.92
  41  14    5.340  -7  15   35.398   941.33
 27 MONTEMURO-TF13  
  40  58   23.578  -7  59   19.466  1381.02
  40  58   26.572  -7  59   16.161  1438.60
 28 LEOMIL-TF14     
  40  57   17.302  -7  39   25.567  1010.57
  40  57   20.294  -7  39   22.203  1068.41
 29 PISCO-TF20      
  40  46    9.876  -7  25   30.312   988.19
  40  46   12.852  -7  25   26.907  1046.05
 30 MAROFA          
  40  51   47.854  -6  59   33.699   980.76
  40  51   50.838  -6  59   30.224  1038.88
 34 SRA DO CASTELO-E
  40  36   41.769  -7  44   40.214   627.59
  40  36   44.744  -7  44   36.855   684.28
 35 CABEÇA ALTA-TF9 
  40  31   58.629  -7  25   34.177  1287.05
  40  32    1.593  -7  25   30.779  1344.55
 36 JARMELO-TF21    
  40  35   25.462  -7   8    1.484   942.47
  40  35   28.428  -7   7   58.034  1000.22
 46 S. CORNÉLIO     
  40  21    2.087  -7  10   54.409  1013.89
  40  21    5.032  -7  10   50.966  1071.18