'GEOD'
'D73' 		6378388.0 0.00672267002233
'ETRS89' 	6378137.0 0.00669438002290
20
 12 CABREIRA        
  41  38   17.244  -8   2   39.125  1269.08
  41  38   20.281  -8   2   35.830  1327.50
 18 CITÂNIA         
  41  19   22.888  -8  23   12.820   575.16
  41  19   25.906  -8  23    9.588   632.18
 20 MARÃO-TF15      
  41  14   51.481  -7  53   16.216  1416.05
  41  14   54.492  -7  53   12.891  1473.68
 21 BORNES          
  41  25   59.565  -7   0   28.597  1204.92
  41  26    2.592  -7   0   25.119  1263.77
 22 FONTE LONGA-TF16
  41  14    2.333  -7  15   38.826   882.92
  41  14    5.340  -7  15   35.398   941.33
 26 S. PEDRO VELHO  
  40  52   27.607  -8  16   53.933  1081.44
  40  52   30.595  -8  16   50.686  1138.26
 27 MONTEMURO-TF13  
  40  58   23.578  -7  59   19.466  1381.02
  40  58   26.572  -7  59   16.161  1438.60
 28 LEOMIL-TF14     
  40  57   17.302  -7  39   25.567  1010.57
  40  57   20.294  -7  39   22.203  1068.41
 29 PISCO-TF20      
  40  46    9.876  -7  25   30.312   988.19
  40  46   12.852  -7  25   26.907  1046.05
 30 MAROFA          
  40  51   47.854  -6  59   33.699   980.76
  40  51   50.838  -6  59   30.224  1038.88
 33 CARAMULO        
  40  32   47.215  -8  12   10.626  1075.61
  40  32   50.178  -8  12    7.364  1132.10
 34 SRA DO CASTELO-E
  40  36   41.769  -7  44   40.214   627.59
  40  36   44.744  -7  44   36.855   684.28
 35 CABEÇA ALTA-TF9 
  40  31   58.629  -7  25   34.177  1287.05
  40  32    1.593  -7  25   30.779  1344.55
 36 JARMELO-TF21    
  40  35   25.462  -7   8    1.484   942.47
  40  35   28.428  -7   7   58.034  1000.22
 37 VILAR FORMOSO   
  40  36   12.999  -6  51   24.655   824.80
  40  36   15.966  -6  51   21.153   882.65
 39 BUÇACO          
  40  21   39.730  -8  21   20.096   560.36
  40  21   42.684  -8  21   16.861   616.57
 45 GARDUNHA-PS     
  40   4   47.137  -7  31   33.385  1226.54
  40   4   50.064  -7  31   30.008  1283.29
 46 S. CORNÉLIO     
  40  21    2.087  -7  10   54.409  1013.89
  40  21    5.032  -7  10   50.966  1071.18
 48 MONSANTO-TF8    
  40   2    5.842  -7   6   55.310   761.70
  40   2    8.768  -7   6   51.858   818.31
 52 CABEÇO RAINHA-TF
  39  50   51.994  -7  55   35.498  1084.77
  39  50   54.912  -7  55   32.200  1140.66