'GEOD'
'D73' 		6378388.0 0.00672267002233
'ETRS89' 	6378137.0 0.00669438002290
20
 9  DEILÃO-PS       
  41  50   54.909  -6  35   31.494   956.44
  41  50   57.967  -6  35   27.940  1016.50
 18 CITÂNIA         
  41  19   22.888  -8  23   12.820   575.16
  41  19   25.906  -8  23    9.588   632.18
 22 FONTE LONGA-TF16
  41  14    2.333  -7  15   38.826   882.92
  41  14    5.340  -7  15   35.398   941.33
 26 S. PEDRO VELHO  
  40  52   27.607  -8  16   53.933  1081.44
  40  52   30.595  -8  16   50.686  1138.26
 30 MAROFA          
  40  51   47.854  -6  59   33.699   980.76
  40  51   50.838  -6  59   30.224  1038.88
 43 S. PEDRO DE AÇOR
  40  12   53.142  -7  49    8.219  1342.67
  40  12   56.087  -7  49    4.894  1399.41
 48 MONSANTO-TF8    
  40   2    5.842  -7   6   55.310   761.70
  40   2    8.768  -7   6   51.858   818.31
 50 MONTE REDONDO-PS
  39  53   28.534  -8  50   37.638    90.05
  39  53   31.465  -8  50   34.503   144.66
 54 S. MARTINHO-PE  
  39  48    7.770  -7  27   52.421   435.51
  39  48   10.676  -7  27   49.036   491.60
 56 PENICHE-PNE     
  39  21   35.252  -9  24   31.081    54.29
  39  21   38.161  -9  24   28.045   107.70
 67 MONTEJUNTO-TF7  
  39  10   21.268  -9   2   57.848   667.29
  39  10   24.155  -9   2   54.757   720.90
 72 ATALAIA DA CONTE
  39   1   49.151  -7   6   29.200   343.86
  39   1   51.989  -7   6   25.758   398.62
 79 ARRAIOLOS       
  38  43   29.697  -7  59   20.531   413.45
  38  43   32.530  -7  59   17.267   467.50
 83 SESIMBRA        
  38  27    7.239  -9   6   27.454   255.69
  38  27   10.075  -9   6   24.407   307.98
 84 SERRINHA-PE     
  38  29   28.011  -8  31   26.317   187.65
  38  29   30.834  -8  31   23.164   240.63
 91 MENTIRAS-PE     
  38  13   39.741  -7   9   17.237   286.23
  38  13   42.509  -7   9   13.835   340.10
 97 GUADALUPE       
  37  55   44.160  -7  35   39.860   290.73
  37  55   46.912  -7  35   36.548   343.95
100 BARRADINHA-PW   
  37  51   54.852  -8  25   32.688    93.33
  37  51   57.619  -8  25   29.544   145.66
103 ÁGUA NEGRA      
  37  47   38.327  -7  27    5.209   262.90
  37  47   41.062  -7  27    1.875   316.01
111 QUINTÃ-PW       
  37  28   55.945  -7  51    7.939   336.31
  37  28   58.660  -7  51    4.698   388.87