          18
       65.764940095235020
        1.967010611949997
       29.118971154334990
      -29.651816219448010
       -2.195687587618997
       46.687587690195020
       32.349031108616000
      -14.453147751202000
       -7.888726269549999
       51.386740280220000
       -5.985461440059001
       -4.421421441422001
      -11.200236675672000
      -27.917820997256000
       70.199098841795020
       -3.239077873541001
       -2.963874113133000
        4.861467873299000
      -35.010995419478010
       42.765634223373010
      114.722850424121000
  -4.280793280000000E-001
        2.481671752000001
        1.677691240000000
        2.995667448000001
      -29.858701031200000
      -56.103000231200000
      148.276925032688000
  -6.626529600000000E-001
        3.841547640000000
        2.597011800000000
        4.637196360000000
      -16.872514155084000
      -49.379949889329990
       53.218858032832000
       55.624591691475000
   0.000000000000000E+000
   0.000000000000000E+000
   0.000000000000000E+000
   0.000000000000000E+000
        8.689655071632000
       15.327916866465000
     -138.994127806688000
      -47.234267509318000
      450.842026742903000
   0.000000000000000E+000
   0.000000000000000E+000
   0.000000000000000E+000
   0.000000000000000E+000
        5.373499562232000
        2.805854906705000
       18.112031649440000
       -4.435672267464000
      -93.988199753296980
      140.594580164595000
   0.000000000000000E+000
   0.000000000000000E+000
   0.000000000000000E+000
   0.000000000000000E+000
        1.376095722048000
   5.981109509000000E-002
       32.740007456424000
        4.377227653136000
     -307.186754824188000
       62.075479228256000
      310.642611210334100
   0.000000000000000E+000
   0.000000000000000E+000
   0.000000000000000E+000
   0.000000000000000E+000
        4.969008884160001
   2.159747015500000E-001
       -8.599272668327998
       -6.014693993551999
      149.824981557480000
     -122.370013594124000
     -117.849459298333000
      256.908887319795000
   0.000000000000000E+000
   0.000000000000000E+000
   0.000000000000000E+000
   0.000000000000000E+000
        3.523162506048000
   1.531319400900000E-001
        3.414885644160000
       -2.627969668740000
       12.333767047344000
       -9.949693224419999
       -8.252014955057994
      -20.543822632911000
      185.104815392301000
   0.000000000000000E+000
   0.000000000000000E+000
   0.000000000000000E+000
   0.000000000000000E+000
       -1.304081941536000
  -5.668106350500000E-002
       -1.264003773120000
   9.727305459300000E-001
      -15.467477712555000
        8.339845620908999
       37.778178476243990
      -18.646469571890000
       72.574161272886000
       85.664712949842990
        4.415402112000001
        4.397114560000000
        4.133912704000000
   5.619371200000000E-001
        7.574524960575999
       -2.993545185670000
        3.364489729920000
       -2.589186837380000
        1.837390923390000
       -5.396945835314000
      -14.006122795313000
        9.589245220939999
     -220.019635385613000
     -134.189440270056000
      380.811968622691000
        1.936011000000000
        1.927992500000000
        1.812587000000000
   2.463912500000000E-001
       -1.963806668704001
       -1.542281380695000
       -3.647348047680000
        2.806864135270000
       -1.991863472685000
        5.850676160731000
       -3.033347991691999
       15.318549170330000
      -50.782299306315000
      -45.185790549965000
       63.583803723922020
      109.076421514098000
        1.473108192000000
        4.925106192000001
        3.850874400000000
        3.814643208000001
      -20.168613225024010
  -2.363932675700027E-001
      -16.310189075100000
       12.417062616670000
      -26.723775175842000
       21.429336349210000
      -16.194704629090000
      -20.569562565272000
       -2.178603684089995
       32.305518639438000
      -99.282638684310000
       45.171163537056000
      205.397679167931000
        4.254035872000000
        4.386720670000001
        4.090263754000000
   6.990527600000001E-001
       -2.551207658791999
       -8.715873396509998
       -5.897652292108003
      -13.350904647472000
       -4.749632783262001
      -35.841686094621990
       14.692977847059000
     -132.270877201932000
       -4.131047035817996
      -33.848927309933990
       84.498210240833000
      -65.864862132455020
      -69.352516757029010
      337.400288641765000
