'GEOD'
'D73' 		6378388.0 0.00672267002233
'ETRS89' 	6378137.0 0.00669438002290
16
 36 JARMELO-TF21    
  40  35   25.462  -7   8    1.484   942.47
  40  35   28.428  -7   7   58.034  1000.22
 41 LOUSÃ-TF17      
  40   5   19.783  -8  10   48.136  1205.84
  40   5   22.718  -8  10   44.880  1261.73
 42 S. MIGUEL DE MID
  40  23    6.071  -7  56   23.996   394.37
  40  23    9.024  -7  56   20.687   450.71
 46 S. CORNÉLIO     
  40  21    2.087  -7  10   54.409  1013.89
  40  21    5.032  -7  10   50.966  1071.18
 50 MONTE REDONDO-PS
  39  53   28.534  -8  50   37.638    90.05
  39  53   31.465  -8  50   34.503   144.66
 52 CABEÇO RAINHA-TF
  39  50   51.994  -7  55   35.498  1084.77
  39  50   54.912  -7  55   32.200  1140.66
 54 S. MARTINHO-PE  
  39  48    7.770  -7  27   52.421   435.51
  39  48   10.676  -7  27   49.036   491.60
 55 CABEÇO ALTO     
  39  44    1.252  -7   2   27.383   410.05
  39  44    4.154  -7   2   23.919   466.24
 58 CANDEEIROS      
  39  26   11.798  -8  55   10.034   497.07
  39  26   14.700  -8  55    6.915   551.11
 59 AIRE-TF6        
  39  32    5.962  -8  38   14.918   678.96
  39  32    8.868  -8  38   11.755   733.66
 61 CABEÇA GORDA    
  39  20    2.060  -8  45    4.699   172.12
  39  20    4.953  -8  45    1.559   226.00
 62 FIGUEIRAS       
  39  20    7.302  -8  25    5.577   205.35
  39  20   10.190  -8  25    2.376   259.59
 64 VALE DE ÁGUA    
  39  21   58.511  -8   0   44.335   294.05
  39  22    1.394  -8   0   41.058   348.85
 69 ALMEIRIM        
  39   8   29.198  -8  35   15.096   177.75
  39   8   32.074  -8  35   11.929   231.58
 70 MONTARGIL-TF2   
  39   4   35.436  -8  11   17.631   236.81
  39   4   38.299  -8  11   14.393   291.13
 79 ARRAIOLOS       
  38  43   29.697  -7  59   20.531   413.45
  38  43   32.530  -7  59   17.267   467.50
 80 OSSA-TF29       
  38  44   19.426  -7  35    5.873   654.07
  38  44   22.249  -7  35    2.532   708.50
 88 MENDRO-TF31     
  38  14   43.448  -7  47    5.375   414.22
  38  14   46.234  -7  47    2.092   467.74
 89 S. VICENTE-PSE  
  38  19   16.896  -8   0   21.791   383.42
  38  19   19.694  -8   0   18.547   436.93